0
0
0
0
0
0
0
0
0
0
0
0
0
0
0
0
0
0
0
0
0
0
0
0
0
0
0
0
0
0
0
0
0
0
0
0
0
0
0
0
0
0
0
0
0
10
0
0
0
0
303
0
0
0
0
0
202
111
0
0
0
0
0
0
0
0
0
0
0
0
0
0
0
0
0
0
888
989
868
cac
cac
cac
a7a
545
a9a
101
0
101
0
0
0
0
0
0
0
0
0
0
0
0
0
0
0
0
0
0
767
535
0
0
0
0
0
0
323
fdf
313
0
0
0
0
0
0
111
0
222
ccc
656
0
0
0
0
0
0
0
0
0
0
0
0
0
0
0
0
0
0
cbc
303
0
10
0
0
0
0
878
cbc
989
0
0
0
0
0
0
0
0
0
0
0
0
0
0
0
0
0
0
0
656
cac
0
10
0
0
0
545
ede
0
0
10
101
0
0
0
0
0
0
0
0
0
0
0
0
0
0
0
10
0
434
b9b
101
0
0
0
0
bab
0
0
101
101
10
0
0
0
0
0
0
0
0
0
0
0
0
0
0
0
0
0
101
b8b
646
0
101
0
878
bab
0
101
0
0
0
0
0
0
0
10
0
0
0
0
0
0
0
0
0
0
0
0
0
a8a
666
0
101
0
cbc
656
0
101
0
0
0
0
0
0
656
0
10
0
0
0
0
0
0
0
0
0
0
0
101
b9b
656
0
0
323
bab
333
0
101
0
0
0
0
0
666
fdf
0
101
0
0
0
0
0
0
0
0
0
0
0
434
b9b
202
0
0
666
a9a
0
0
0
0
0
0
0
0
ede
858
0
111
0
0
0
0
0
0
0
0
0
0
0
656
dbd
0
0
0
555
b9b
212
0
0
0
0
0
0
414
fdf
222
0
101
0
0
0
0
0
0
0
0
0
0
0
bab
969
0
0
0
0
bab
444
0
0
0
0
0
0
a8a
ece
0
0
111
0
0
0
0
0
0
0
0
0
0
0
ebe
0
0
0
10
0
a9a
878
0
111
111
101
0
747
cac
cbc
101
0
101
0
0
0
0
0
0
10
202
0
202
ece
a5a
0
0
0
101
0
0
cac
0
0
0
0
303
ece
0
cac
424
0
101
0
0
0
0
0
0
10
0
707
f9f
fef
0
0
0
0
0
101
0
0
fdf
767
101
b9b
fdf
0
0
545
dbd
0
0
0
0
0
0
0
0
0
d0d
fef
fbf
606
10
212
0
0
0
0
0
0
0
a8a
cac
989
0
0
0
0
979
cac
0
0
0
0
111
0
606
ebe
fcf
e8e
909
202
0
0
0
0
0
0
0
0
0
0
0
0
0
0
0
0
0
646
ede
878
0
0
303
dad
fff
f9f
a0a
303
0
0
0
101
0
0
0
0
0
0
10
0
0
0
0
0
0
0
10
0
0
101
656
878
646
0
0
0
0
10
10
0
0
0
0
0