0
0
0
0
0
0
0
0
0
0
0
0
0
0
0
0
0
0
0
0
0
0
0
0
0
10
0
0
0
0
0
0
0
0
0
0
0
0
0
0
0
0
0
0
0
0
0
0
434
b9b
bbb
cbc
dad
d6d
b0b
a0a
505
0
202
0
0
0
0
0
0
0
101
0
0
0
0
0
212
212
0
0
a9a
ece
bab
858
424
727
d7d
fcf
fff
fcf
e0e
818
10
0
0
0
0
0
0
0
0
0
0
636
979
858
0
0
545
ede
868
0
0
0
0
0
0
808
e0e
fdf
fff
e0e
606
0
0
0
0
101
10
0
878
dbd
ccc
bab
a9a
bab
ccc
ede
dbd
323
0
202
0
101
0
0
0
202
606
d0d
fcf
fcf
909
0
0
0
101
0
0
ece
a9a
0
0
0
0
0
0
dbd
fef
878
0
0
0
0
0
0
0
0
0
303
d6d
fdf
909
0
0
0
10
0
fef
202
0
0
101
0
101
0
202
ede
0
fdf
444
0
0
0
0
0
0
0
0
0
535
fbf
646
0
0
666
434
ede
525
0
0
0
0
0
0
0
a9a
b9b
0
ccc
b8b
0
101
0
0
0
0
0
0
0
444
dbd
424
0
0
b9b
b9b
dcd
0
0
0
0
0
0
0
0
dbd
858
10
959
ebe
0
101
0
0
0
0
0
0
0
656
dbd
0
0
0
b9b
bab
cac
0
0
0
0
0
0
0
0
dbd
ebe
a8a
505
ece
0
0
0
0
0
0
0
0
0
666
dbd
0
0
0
b9b
a8a
ece
0
0
0
0
0
0
0
0
a8a
fff
0
858
cac
0
0
0
0
0
0
0
0
0
a7a
aaa
0
0
0
a9a
989
fdf
0
0
0
0
0
0
0
0
0
fef
0
cac
989
0
202
0
0
0
0
0
0
0
fdf
0
0
0
0
424
dbd
444
0
0
0
0
0
0
0
0
0
fef
0
dbd
545
0
0
0
0
0
0
101
0
868
cbc
0
0
0
101
0
bab
cbc
0
0
0
0
0
0
0
0
0
dad
dbd
a9a
0
10
0
0
0
0
0
0
0
fef
0
10
0
0
0
0
0
cbc
cbc
0
0
101
111
0
0
0
0
333
fef
767
0
101
101
0
0
0
0
0
ede
212
0
101
0
0
0
0
10
0
989
ede
424
0
0
0
0
0
0
b9b
dbd
ede
979
0
0
0
0
0
555
ede
656
0
0
0
0
0
0
0
101
222
0
323
dcd
ede
979
0
0
757
ede
a8a
0
0
aaa
fdf
bbb
bab
bbb
dcd
bab
101
0
101
0
0
0
0
0
0
0
0
0
0
0
0
a9a
bbb
bbb
aaa
0
0
0
0
0
0
212
757
525
0
0
0
0
0
0
0
0
0
0
0
0
0
0
0
0
0
0
0
0
0
0
0
0
0
0
0
10
0
0
111
0
0
0
0
0
0
0
0
0
0
0
0
0
0
101
0
101
0
101
101
0
0
0
0
0
0
0
101
0
0
0
0
0
0
0
0
0
0