0
0
0
0
0
0
0
0
0
0
0
0
0
0
0
0
0
0
0
0
0
0
0
0
0
0
0
0
0
0
0
0
0
0
0
0
0
0
0
0
0
0
111
101
0
101
111
101
0
0
0
10
101
101
0
0
0
0
0
0
0
faf
eae
c9c
cbc
cbc
bab
a9a
767
656
434
525
0
323
0
0
0
0
0
0
0
0
0
0
0
0
0
0
0
0
212
fcf
868
666
767
666
757
989
bab
bab
ede
fff
969
0
535
a8a
b9b
a8a
767
525
a8a
989
0
0
0
0
0
0
0
0
323
dbd
0
0
0
0
0
0
0
656
ddd
212
0
101
0
0
0
0
0
0
0
a8a
dbd
313
0
202
20
0
0
0
212
dbd
232
0
0
0
0
0
525
ede
0
0
10
101
0
0
0
0
0
0
0
0
0
b9b
b8b
0
111
0
0
0
111
cbc
333
0
0
0
0
0
fdf
212
0
0
0
0
0
0
0
0
0
0
0
101
212
0
bab
979
0
0
0
0
111
cbc
434
0
0
0
0
b9b
a8a
0
101
0
0
0
0
0
0
0
0
0
0
0
0
0
0
ede
202
0
0
0
0
bab
434
0
10
0
0
ece
0
0
0
0
0
0
0
0
0
0
0
0
0
0
0
0
0
303
ece
0
0
101
0
cbc
444
0
0
212
0
b9b
0
0
101
0
0
0
0
0
0
0
0
0
0
0
0
0
0
0
fdf
0
0
101
0
bab
444
0
0
111
0
979
0
111
0
0
0
0
0
0
0
0
0
0
0
0
0
0
111
0
fdf
0
0
101
0
bab
555
0
0
10
0
989
0
0
0
0
0
0
0
0
0
0
0
0
0
0
0
0
0
0
fef
0
0
101
0
bab
666
0
0
101
0
ece
0
0
0
0
0
0
0
0
0
0
0
0
0
0
0
101
0
505
fff
0
0
0
0
a9a
878
0
0
0
0
767
dbd
0
0
0
0
0
0
0
0
0
0
0
0
0
101
10
101
fcf
e9e
0
0
0
0
a8a
a9a
0
202
0
0
0
dad
989
0
0
0
101
0
0
0
0
0
0
0
202
0
0
b0b
fff
a0a
0
0
0
0
999
cac
0
0
0
0
101
0
969
dbd
0
0
0
0
0
0
0
0
0
0
0
0
c4c
fff
f0f
0
0
101
0
0
202
404
20
0
0
0
0
0
0
656
979
cbc
222
0
0
0
0
0
0
0
0
b8b
fdf
c5c
202
10
0
0
0
0
0
0
0
0
0
0
0
0
0
0
0
0
dad
dbd
b9b
878
757
868
a8a
cac
fdf
dad
303
0
202
10
0
0
0
0
0
0
0
0
0
0
0
0
0
101
101
20
0
0
0
0
0
0
0
0
0
0
0
0
202
10
0
0
0
0
0
0
0
0
0
0
0
0
0
0
0
202
0
101
101
0
0
0
0
0
0
0
0
0
0
202
0
0
0