0
0
0
0
0
0
0
101
101
0
0
0
0
0
0
0
0
0
0
0
0
0
0
0
cbc
111
0
0
0
0
0
0
0
0
0
0
0
0
0
0
0
0
0
0
0
0
0
0
0
0
0
0
101
ebe
dad
0
0
0
0
0
0
121
111
0
a8a
fef
dcd
dbd
0
0
0
0
0
0
0
0
0
0
101
0
0
a7a
fdf
d7d
666
0
0
0
0
0
0
0
878
fdf
0
0
0
0
20
0
0
0
0
0
0
10
101
0
0
424
fef
656
434
fdf
545
0
0
0
0
0
0
656
dcd
333
0
101
20
212
202
0
0
0
0
0
0
0
0
0
a8a
dbd
656
0
979
ede
0
0
0
0
0
0
0
dcd
666
0
121
0
0
0
0
0
0
0
101
202
0
101
989
cac
a9a
0
0
0
b7b
ddd
0
0
0
0
0
0
333
eee
0
111
0
0
0
0
0
0
0
0
0
0
868
cac
cac
0
0
0
0
0
b8b
ddd
0
0
0
0
0
0
333
ede
0
101
121
0
0
0
0
0
0
0
0
fcf
cbc
0
0
212
212
0
0
0
b7b
ddd
0
0
0
0
0
0
0
bab
999
0
0
0
0
0
0
0
969
ede
979
555
0
0
0
0
0
0
0
0
979
ede
0
0
0
0
0
0
0
111
888
dbd
757
545
868
b9b
ece
bab
656
444
0
0
212
0
0
0
0
0
0
0
666
fef
434
0
0
0
0
0
0
101
0
535
b9b
dad
bab
888
545
0
0
101
0
0
101
0
0
0
0
0
0
0
414
ebe
666
0
0
0
0
0
0
0
0
0
0
0
0
0
0
0
0
0
0
0
0
0
0
0
0
0
0
0
0
b9b
b8b
0
0
0
0
0
0
0
0
0
0
0
0
0
0
0
0
0
0
0
0
0
0
0
0
0
0
0
0
757
fbf
0
0
0
0
0
0
0
0
0
0
0
0
0
0
0
0
0
0
0
0
0
0
0
0
0
0
0
0
404
fdf
b2b
0
0
101
0
0
0
0
0
0
0
0
0
0
0
0
0
0
0
0
0
0
0
0
0
0
0
20
0
d8d
fef
808
212
101
0
0
0
0
0
0
0
0
0
0
0
0
0
0
0
0
0
0
0
0
0
0
0
111
0
a0a
fff
f9f
b0b
505
0
0
0
0
0
0
0
0
0
0
0
0
0
0
0
0
0
0
0
0
0
0
0
212
0
606
f1f
fff
f9f
e0e
0
0
0
0
0
0
0
0
0
0
0
0
0
0
0
0
0
0
0
0
0
0
0
0
0
0
a0a
f9f
fff
f6f
202
0
0
0
0
0
0
0
0
0
0
0
0
0
0
0
0
0
0
0
0
0
0
0
0
101
505
515
808
818
404
0
0
0
0
0
0
0
0
0
0
0
0
0
0
0
0
0
0
0
0
0
0
0
0
0
0
0
121
0
505