0
0
0
939
0
10
0
0
0
0
0
0
0
0
0
0
0
0
0
0
0
0
0
0
0
0
0
0
0
0
202
20
303
fff
606
0
0
0
0
0
0
0
0
0
0
0
0
0
0
0
0
0
0
0
0
0
0
0
0
0
10
101
0
fff
0
101
0
0
0
0
0
0
0
0
0
0
0
0
0
0
0
0
0
0
0
0
0
0
0
0
0
111
0
fef
0
0
0
0
0
0
0
0
0
0
0
0
0
0
0
0
0
101
202
101
0
0
0
0
0
0
0
0
0
fef
0
0
0
0
0
0
0
0
0
0
0
0
0
0
0
101
0
0
0
0
0
969
eee
ccc
0
0
0
0
0
fdf
0
0
0
0
0
0
0
0
0
0
0
0
0
0
0
0
0
b4b
f9f
dad
878
232
444
202
0
0
0
0
0
ede
0
0
0
0
0
0
0
0
0
0
10
0
0
707
969
939
d7d
a8a
121
0
0
202
0
0
0
0
0
0
303
ece
0
0
0
0
0
0
0
0
0
10
0
515
d7d
d9d
656
0
0
0
0
0
0
0
0
0
0
0
101
0
646
dbd
0
0
0
0
0
0
0
0
0
606
d8d
858
545
0
0
10
0
111
0
0
0
0
0
0
0
0
101
0
868
cac
0
0
0
0
101
0
0
424
737
e9e
666
0
0
0
111
202
101
0
0
0
0
0
0
0
0
0
101
0
a8a
a9a
0
0
111
202
222
0
838
faf
666
0
101
101
0
0
0
0
0
0
0
0
0
0
0
0
0
0
0
0
b9b
868
0
0
202
10
0
d9d
a8a
212
0
10
0
0
0
0
0
0
0
0
0
0
0
0
0
0
0
0
0
0
cac
757
0
101
0
0
e9e
a9a
0
10
202
0
0
0
0
0
0
0
0
0
0
0
0
0
0
0
0
0
10
0
dbd
656
0
0
505
fcf
20
0
0
0
0
0
0
0
0
0
0
0
0
0
0
0
0
0
0
0
0
0
0
0
dbd
656
0
656
dbd
444
0
101
0
0
0
0
0
0
0
0
0
0
0
0
0
0
0
0
0
0
0
0
111
0
dcd
656
0
ede
767
0
121
0
0
0
0
0
0
0
0
0
0
0
0
0
0
0
0
0
0
0
0
0
0
0
cbc
646
a7a
858
0
0
0
0
0
0
0
0
0
0
0
0
0
0
0
0
0
0
0
0
0
0
0
0
0
0
656
ede
fef
0
0
0
0
0
0
0
0
0
0
0
0
0
0
0
0
0
0
0
0
0
0
0
0
0
101
0
0
dad
727
0
0
0
0
0
0
0
0
0
0
0
0
0
0
0
0
0
0
0
0
0
0
0
0
0
0
0
0
0
0
0
0
0
0
0
0
0
0
0
0
0
0
0
0
101
0
0
101
101
10
101
0
0
0
0