0
0
0
0
0
0
0
0
0
0
0
0
0
0
0
0
0
0
0
0
0
0
0
0
0
0
0
0
0
0
0
0
0
0
0
0
0
0
0
0
0
0
0
0
0
0
0
0
0
0
0
0
0
0
0
0
0
0
0
0
0
0
0
0
0
0
0
0
0
0
0
0
0
0
0
0
0
0
0
0
0
0
0
0
0
0
0
0
0
0
0
0
0
0
0
0
0
0
0
0
0
0
0
0
0
0
0
0
0
0
0
0
0
0
0
0
0
0
0
0
0
0
0
0
0
0
0
0
0
0
0
0
0
0
0
0
0
0
0
0
0
0
0
0
0
0
0
0
0
0
0
0
0
0
0
0
0
0
0
0
0
0
0
0
0
0
0
0
0
0
0
0
0
0
0
0
0
0
0
0
0
0
0
1
11
0
11
12
0
0
222
10
10
10
0
100
100
200
0
0
0
212
212
11
0
10
200
121
11
1
301
0
20
0
0
0
0
0
0
0
0
0
0
0
0
0
0
0
0
0
0
0
0
0
0
0
0
0
0
0
0
0
0
0
0
0
0
0
0
0
0
0
0
0
0
0
0
222
222
0
100
322
311
200
300
300
410
522
633
633
523
10
221
321
100
200
100
210
210
20
0
302
101
10
333
200
0
0
0
0
0
0
0
0
0
0
0
0
0
0
0
0
0
0
0
0
0
0
0
0
0
0
0
0
0
0
0
0
0
0
0
0
0
0
0
0
0
0
0
111
0
100
200
200
300
644
a89
dab
ecc
fdd
fdd
fcd
fcd
fcd
fcd
fbc
dab
c99
966
431
10
20
10
0
100
0
11
0
302
0
0
0
0
0
0
0
0
0
0
0
0
0
0
0
0
0
0
0
0
0
0
0
0
0
0
0
0
0
0
0
0
0
0
0
0
0
0
0
0
0
0
0
0
0
433
ddd
fff
cbb
866
300
0
12
11
0
10
10
11
31
10
0
0
311
655
b9a
dcd
ecc
967
300
200
201
223
11
0
0
0
0
0
0
0
0
0
0
0
0
0
0
0
0
0
0
0
0
0
0
0
0
0
0
0
0
0
0
0
0
0
0
0
0
0
0
0
0
0
0
0
0
332
311
877
877
300
200
200
303
201
201
302
302
201
201
11
22
33
11
1
12
112
1
a89
ecd
dbc
623
0
11
1
0
0
0
0
0
0
0
0
0
0
0
0
0
0
0
0
0
0
0
0
0
0
0
0
0
0
0
0
0
0
0
0
0
0
0
0
0
0
0
0
0
0
0
122
111
100
200
201
322
222
0
10
11
10
10
10
11
22
200
200
201
212
101
100
201
423
0
533
caa
fee
100
0
212
0
0
0
0
0
0
0
0
0
0
0
0
0
100
222
21
0
0
322
200
0
654
a99
766
200
200
0
22
0
0
0
0
0
0
0
0
0
0
0
0
0
0
0
0
0
0
0
0
0
0
0
0
0
0
0
0
0
0
0
0
0
0
0
0
0
0
10
21
200
212
fde
845
110
22
0
100
100
111
0
0
0
0
0
0
0
0
222
100
100
20
200
100
422
dcc
fee
fff
a99
200
212
112
10
0
0
0
0
0
0
0
0
0
0
0
0
0
0
0
0
0
0
0
0
0
0
0
0
0
0
0
0
0
0
0
0
0
0
0
0
0
0
0
10
423
1
baa
ecc
200
0
0
100
0
121
0
0
0
0
0
0
0
0
0
132
10
402
0
877
fee
fee
a89
523
200
100
111
0
11
0
0
0
0
0
0
0
0
0
0
0
0
0
0
0
0
0
0
0
0
0
0
0
0
0
0
0
0
0
0
0
0
0
0
0
0
0
0
0
11
100
0
522
fdd
a88
100
100
212
0
121
0
0
0
0
0
0
0
0
222
10
10
a89
fff
a99
200
200
0
10
10
10
0
100
200
0
0
0
0
0
0
0
0
0
0
0
0
0
0
0
0
0
0
0
0
0
0
0
0
0
0
0
0
0
0
0
0
0
0
0
0
0
0
100
100
223
10
210
633
fdd
644
200
10
10
111
100
0
0
0
0
0
0
0
0
300
a89
fff
978
100
322
10
10
10
21
21
10
100
200
0
0
0
0
0
0
0
0
0
0
0
0
0
0
0
0
0
0
0
0
0
0
0
0
0
0
0
0
0
0
0
0
0
0
0
0
0
0
222
100
233
0
10
310
ecc
977
300
0
10
0
100
0
0
0
0
0
0
0
200
100
fee
988
100
100
10
132
22
0
0
0
0
0
11
0
0
0
0
0
0
0
0
0
0
0
0
0
0
0
0
0
0
0
0
0
0
0
0
0
0
0
0
0
0
0
0
0
0
0
0
0
0
21
100
0
0
10
10
dab
caa
300
10
20
0
201
0
0
0
0
0
0
0
200
422
baa
200
312
10
22
100
202
201
200
200
0
21
10
0
0
0
0
0
0
0
0
0
0
0
0
0
0
0
0
0
0
0
0
0
0
0
0
0
0
0
0
0
0
0
0
0
0
0
0
0
0
10
323
0
101
20
41
b89
dbc
401
10
31
0
201
0
211
0
10
10
221
100
866
fee
312
200
0
111
0
0
0
0
0
0
0
0
0
100
0
0
0
0
0
0
100
101
111
100
0
0
0
0
0
0
0
0
0
0
0
0
0
0
0
0
0
0
0
0
0
0
0
0
0
0
0
100
10
0
201
10
100
967
ecd
110
20
200
1
0
0
211
0
10
0
322
200
dcc
dbc
110
0
0
222
100
0
0
0
0
0
0
0
0
0
0
0
0
0
0
0
10
0
122
0
121
0
0
211
0
0
0
0
0
0
0
0
0
0
0
0
0
0
0
0
0
0
0
0
0
0
0
100
0
0
201
10
100
966
fcd
110
20
201
1
0
0
100
0
10
0
100
877
fee
633
0
10
21
0
100
0
0
0
0
0
0
0
0
0
0
0
0
0
0
0
0
0
0
0
121
0
0
0
0
0
0
0
0
0
0
0
0
0
0
0
0
0
0
0
0
0
0
0
0
0
0
100
0
0
201
21
100
967
fcd
0
10
200
0
0
212
0
121
10
110
422
fee
877
422
10
10
0
111
200
0
0
0
0
0
0
0
0
0
0
0
0
0
100
100
200
432
200
200
100
0
222
122
0
0
0
0
0
0
0
0
0
0
0
0
0
0
0
0
0
0
0
0
0
0
0
100
0
1
200
20
100
b99
ecc
110
21
200
0
0
1
0
0
21
100
977
fde
433
100
0
0
101
222
100
0
0
0
0
0
0
0
0
0
0
0
0
0
111
211
caa
cbb
522
423
200
0
0
0
0
0
0
0
0
0
0
0
0
0
0
0
0
0
0
0
0
0
0
0
0
0
0
100
0
111
200
10
100
cab
dab
0
131
200
1
1
1
212
0
121
100
baa
ecd
10
0
100
100
322
100
211
0
0
0
0
0
0
0
0
0
0
0
0
0
211
222
fee
fee
522
300
200
212
0
10
0
0
0
0
0
0
0
0
0
0
0
0
0
0
0
0
0
0
0
0
0
0
0
100
10
112
200
20
210
dcc
c9a
0
20
200
11
1
0
100
0
0
210
dcd
b99
0
0
0
0
0
0
0
0
0
0
0
0
0
0
0
200
132
11
200
20
121
ecc
fee
935
300
32
200
101
20
200
0
0
0
0
0
0
0
0
0
0
0
0
0
0
0
0
0
0
0
0
0
0
0
0
301
11
101
100
966
fdd
544
301
100
0
0
0
0
100
0
0
100
edd
a88
0
0
0
0
0
0
0
0
0
0
0
0
0
0
0
0
100
10
200
121
946
fff
ebc
400
0
232
100
111
0
211
0
0
0
0
0
0
0
0
0
0
0
0
0
0
0
0
0
0
0
0
0
0
0
100
0
11
22
231
c9a
ecc
312
100
0
10
0
0
100
100
0
222
100
edd
a89
0
0
0
0
0
0
0
0
0
0
0
0
0
0
0
21
200
0
132
411
eab
fff
b78
110
20
0
0
222
100
10
0
0
0
0
0
0
0
0
0
0
0
0
0
0
0
0
0
0
0
0
0
0
0
311
10
101
32
613
ecd
c99
100
0
11
11
0
0
0
100
111
0
321
dcc
caa
0
0
0
0
0
0
0
0
0
0
0
0
0
0
0
22
0
412
10
602
eee
fdd
500
20
10
212
11
0
300
10
0
0
0
0
0
0
0
0
0
0
0
0
0
0
0
0
0
0
0
0
0
0
0
0
100
10
100
dcc
ecc
500
0
0
0
0
0
0
0
100
111
0
321
baa
dcc
0
0
0
0
0
0
0
0
0
0
0
0
0
0
0
212
0
333
200
d9a
dab
ecc
100
0
200
212
11
0
200
10
0
0
0
0
0
0
0
0
0
0
0
0
0
0
0
0
0
0
0
0
0
0
0
200
0
300
221
fee
a56
320
0
0
0
0
0
0
0
100
111
0
100
877
fde
0
0
0
0
0
0
0
0
0
0
0
0
0
0
0
300
33
20
814
fde
caa
dcc
20
200
402
1
11
333
100
10
0
0
0
0
0
0
0
0
0
0
0
0
0
0
0
0
0
0
0
0
0
0
0
201
0
120
600
fcc
432
300
101
211
101
211
211
0
0
11
0
222
200
523
edd
766
312
102
11
21
100
400
101
0
11
10
10
122
100
200
20
300
512
eac
edd
cbb
dbc
112
11
10
11
322
100
111
10
0
0
0
0
0
0
0
0
100
0
0
0
0
0
0
120
300
3
14
2
100
10
0
1
220
400
eab
a36
400
100
0
0
0
0
0
0
0
11
10
0
0
100
545
edd
766
10
202
201
111
21
22
0
323
200
100
110
10
31
100
a46
fee
b89
20
b89
edd
201
101
0
11
0
211
0
10
0
0
0
0
0
0
0
0
0
0
0
0
0
0
0
4
302
210
10
200
402
400
520
901
d58
fff
fbc
30
204
10
0
0
0
0
0
0
111
0
0
0
0
111
0
b99
edd
100
312
101
122
11
112
0
0
0
111
0
210
100
713
fdd
dab
233
20
755
fdd
534
200
0
121
212
100
222
0
0
0
0
0
0
0
0
0
0
0
0
0
0
0
0
11
400
100
10
412
500
800
c00
e68
fff
edd
c14
10
400
303
0
0
0
0
0
0
222
0
0
10
0
11
0
200
cbb
300
100
0
122
102
100
222
21
20
21
200
502
602
ecd
ecd
502
0
0
422
fdd
867
300
332
0
221
100
222
0
0
0
0
0
0
0
0
0
0
0
0
0
0
0
0
20
10
402
533
541
900
d04
f79
fee
ffe
f57
922
400
10
103
0
0
0
0
0
0
0
0
100
0
0
0
0
10
211
dcc
ecd
755
300
300
201
200
300
412
300
977
fdd
ecd
634
10
502
254
100
0
755
fde
755
200
232
0
100
0
0
0
0
0
0
0
0
0
0
0
0
0
0
100
100
100
713
701
800
c00
f15
fab
fee
fff
f79
c33
600
22
20
334
10
0
0
0
0
0
0
0
101
100
100
111
100
0
0
11
300
b99
ecd
cbb
877
544
412
613
956
dbc
fee
cbb
544
20
412
0
0
11
200
20
dbb
dcc
310
0
0
111
0
223
0
0
0
0
0
0
0
0
0
0
0
0
100
100
100
420
810
d14
f68
ecc
eff
fde
f69
d00
904
403
500
10
20
400
0
0
0
0
0
0
0
0
0
0
0
0
0
201
100
100
200
645
b9a
edd
fdd
fdd
fdd
fde
dcc
877
201
100
0
0
0
0
0
0
0
500
fee
baa
200
110
122
11
1
111
0
0
0
0
0
100
211
400
21
21
11
200
300
531
910
e04
f8a
fee
eff
fcd
f58
c03
812
601
400
200
1
1
0
0
0
0
0
0
0
0
0
0
0
0
0
0
122
10
10
10
111
211
201
200
200
311
200
100
221
10
10
0
0
0
0
0
0
0
10
200
644
fee
cbb
523
200
20
222
11
0
0
0
0
0
122
100
21
222
400
802
c57
f9b
fff
fef
fcc
e78
d02
b00
900
700
501
400
200
0
0
0
100
0
0
0
0
0
0
0
0
0
0
0
0
0
0
0
10
10
10
0
0
121
21
0
0
0
0
0
10
0
0
0
0
0
0
0
10
221
411
522
ecc
edd
988
300
21
0
0
10
20
21
20
10
20
200
600
b57
ebc
ffe
efe
fcc
e89
d04
c00
910
620
412
504
300
200
0
0
0
100
200
0
0
0
0
0
0
0
0
0
0
0
0
0
100
211
0
0
0
211
212
10
0
0
10
221
0
0
210
0
0
0
0
0
0
0
100
322
100
100
300
a99
edd
edd
a9a
766
402
301
401
300
300
423
724
dab
fde
fff
eee
eab
e58
c02
b00
900
510
410
401
302
23
101
0
0
10
0
100
200
0
0
0
0
0
0
0
0
0
0
0
0
0
0
0
0
111
111
111
111
101
101
0
0
0
0
0
0
0
0
0
0
0
0
0
0
112
121
0
0
100
311
301
400
633
856
978
b99
b99
a89
a78
867
400
300
20
20
20
231
12
33
22
1
0
120
30
20
1
0
0
0
0
0
2
0
0
0
0
0
0
0
0
0
0
0
0
0
10
10
11
0
0
0
0
101
1
0
11
21
10
0
10
0
0
0
0
0
0
0
10
11
100
201
200
201
11
11
10
10
10
10
0
0
100
200
200
121
20
10
10
200
200
12
301
400
200
20
10
202
303
0
0
0
0
0
1
12
0
0
0
0
0
0