0
0
0
0
0
0
0
0
0
0
0
0
0
0
0
0
0
0
0
0
0
0
0
0
0
0
0
0
0
0
0
0
0
0
0
0
0
0
0
0
10
0
0
767
dbc
ecd
dcc
dcc
dcc
cbb
755
0
0
0
0
0
0
0
0
0
0
0
0
0
0
0
0
0
0
0
0
0
0
0
1
0
0
0
0
dcc
cbb
433
0
0
0
0
423
baa
a99
0
10
201
0
0
0
0
0
0
0
0
0
0
0
0
0
0
0
0
0
0
0
111
111
0
100
edd
766
0
0
0
0
0
1
0
0
baa
988
0
11
111
0
0
0
0
0
0
0
0
0
0
0
0
0
0
0
0
0
0
1
121
0
dcd
766
0
11
0
0
0
0
101
111
1
0
dcc
422
0
11
0
0
0
0
0
0
0
0
0
0
0
0
0
0
0
0
0
0
11
0
877
bbb
0
100
121
0
0
0
0
101
101
0
0
666
cab
0
10
0
0
0
0
0
0
0
0
0
0
0
0
0
0
0
0
0
0
10
0
edd
0
0
0
0
0
0
0
0
0
0
0
0
0
dbb
644
0
0
0
0
0
0
0
0
0
111
0
0
1
111
0
0
0
0
0
0
200
dcd
0
0
0
0
0
0
0
0
0
0
0
0
0
766
caa
0
0
0
0
0
0
0
0
0
100
0
0
0
11
0
0
101
0
0
0
988
a9a
0
0
0
0
0
0
0
0
0
0
0
0
0
0
dbc
0
0
0
0
0
0
0
0
0
0
0
0
0
0
655
766
0
0
0
0
baa
877
0
0
0
0
0
0
0
100
0
0
0
0
11
0
ebc
534
0
0
0
0
0
0
0
0
300
634
766
978
caa
ede
cbb
0
0
0
0
bbb
655
0
0
0
0
100
0
100
100
111
100
0
0
110
0
dab
544
0
0
301
634
855
b67
d89
c9a
caa
c9a
b88
877
544
0
0
0
0
0
0
baa
867
0
0
0
0
11
1
0
100
0
0
0
200
422
602
ecd
b68
c78
c89
c89
c89
a77
755
544
0
0
0
0
0
0
10
0
101
0
0
0
877
baa
0
0
0
0
0
100
423
744
a67
b78
c89
c8a
b89
c89
edd
634
444
111
0
0
0
0
100
1
0
0
0
100
100
100
0
10
0
0
0
100
dcc
0
333
855
a78
c99
c9a
c9a
a88
977
655
433
10
0
c9a
988
0
0
0
0
0
0
0
0
0
0
0
0
0
0
0
0
0
0
0
10
0
fee
dbb
dbb
a88
766
422
0
0
0
0
0
0
0
645
edd
0
10
0
0
0
0
0
0
0
0
0
0
0
0
0
0
0
0
0
0
122
0
755
ecd
0
0
0
0
0
1
1
0
111
0
434
fee
634
0
10
0
0
0
0
0
0
0
0
0
0
0
0
0
0
0
0
0
0
201
122
0
412
322
0
111
1
100
0
0
10
200
0
111
312
0
110
111
0
0
0
0
0
0
0
0
0
0
0
0
0
0
0
0
0
0
0
0
10
0
0
0
100
0
0
0
0
0
0
0
0
0
10
0
0
0
0
0
0
0
0
0
0
0
0
0
0
0
0
0
0
0
0
0
0
0
0
0
0
0
0
0
0
0
0
0
0
0
0
0
0
0
0
0
0
0
0
0
0
0
0
0
0
0
0
0
0
0
0
0
0
0
0
0
0
0
0
0
0
0
0
0
0
0
0
0
0
0
0
0
0
0
0
0
0
0
0
0
0
0
0
0
0
0
0
0
0