0
0
0
0
0
0
0
0
0
0
0
100
100
100
0
1
1
101
201
212
212
0
0
0
0
0
0
0
0
0
0
0
0
0
0
0
0
0
0
0
0
0
0
0
0
0
0
0
0
0
0
0
0
0
11
21
11
11
100
666
a89
634
0
0
0
0
0
0
0
0
0
0
0
0
0
0
0
0
0
0
0
0
0
0
0
0
0
111
122
11
0
0
0
0
0
0
0
0
0
0
0
0
0
0
0
0
0
0
0
0
0
0
0
0
0
0
0
0
0
0
0
0
0
0
0
0
111
111
222
243
432
b99
fff
cbc
400
0
0
0
0
0
0
0
0
0
0
0
0
0
0
0
0
0
0
0
0
0
0
0
0
10
10
0
0
10
10
121
121
0
0
0
0
0
0
0
0
0
0
0
0
0
0
0
0
0
0
0
0
0
0
0
0
0
0
0
0
0
0
0
0
411
411
312
412
977
fcd
ecc
923
220
300
0
0
0
0
0
0
0
0
0
0
0
0
0
0
0
0
0
0
0
0
0
121
222
111
100
100
311
311
200
200
100
0
0
0
0
0
0
0
0
0
0
0
0
0
0
0
0
0
0
0
0
0
0
0
0
0
0
0
0
0
0
0
0
400
310
a88
eab
ecc
fef
cab
0
11
122
0
0
0
0
0
0
0
0
0
0
0
0
0
21
100
31
210
100
0
412
201
402
988
dcc
fee
fee
fff
edd
ecd
baa
400
0
0
0
0
0
0
0
0
0
0
0
0
0
0
0
0
10
0
10
10
1
1
102
101
12
1
1
201
211
10
10
410
c9a
fee
ebb
c05
d9a
dcc
655
212
423
10
0
0
0
0
0
0
0
0
0
0
0
0
0
300
31
310
120
10
300
200
baa
eee
fee
dcc
b9a
855
501
533
644
433
0
0
0
0
0
0
0
0
0
0
0
0
0
0
0
0
0
221
0
0
111
101
1
1
1
201
100
312
232
20
0
904
dab
ffe
aaa
824
c25
d99
bbb
0
100
201
10
0
0
0
0
0
0
0
0
0
0
0
0
0
0
311
200
0
cab
fee
dab
645
0
100
311
412
301
100
10
0
32
32
0
0
0
0
0
0
0
0
0
0
0
0
0
0
0
0
0
0
211
200
100
0
0
10
0
20
10
400
c89
fde
dcc
866
0
200
a88
ebb
ebc
baa
0
0
111
121
0
0
0
0
0
0
0
0
0
0
0
0
0
132
0
0
dbb
fee
b78
412
200
110
10
111
110
0
222
221
0
10
10
0
0
0
0
0
0
0
0
0
0
0
0
0
0
0
0
10
22
11
0
100
122
11
10
10
0
904
ecc
fff
caa
634
121
131
310
b9a
fee
ecc
977
112
222
0
0
0
0
0
0
0
0
0
0
0
0
0
0
0
10
0
dbb
fee
966
300
100
20
211
100
10
20
20
21
111
100
301
301
0
0
0
0
0
0
0
0
0
0
0
0
0
0
0
0
21
21
10
0
10
0
100
100
0
c68
fde
fdd
877
0
10
310
310
510
baa
fee
dbb
633
222
333
100
211
0
0
0
0
0
0
0
0
0
0
0
0
0
600
eee
caa
433
0
110
10
0
200
301
201
111
11
0
111
222
111
0
0
0
0
0
0
0
0
0
0
0
0
0
0
0
0
0
402
100
0
21
0
200
a77
ede
fee
a78
412
211
100
300
312
123
11
700
daa
fff
cbb
300
10
1
111
322
0
0
0
0
0
0
0
0
0
0
10
0
0
ecd
fff
555
100
110
100
0
233
111
0
0
0
0
0
0
0
0
0
0
0
0
0
0
0
0
0
0
200
300
302
0
21
123
200
41
0
110
200
700
ebc
fef
dcc
555
0
0
0
0
0
0
0
0
824
eab
fff
bbb
10
110
201
201
0
0
0
0
0
0
0
0
0
0
0
10
0
baa
fff
444
221
0
110
0
0
0
0
0
0
0
0
0
0
0
0
0
0
0
0
0
0
0
0
0
12
10
10
100
412
300
0
40
0
900
ebc
fff
dbb
534
10
502
201
0
0
0
0
0
0
0
0
935
ebb
fff
bbb
10
111
201
100
0
0
0
0
0
0
0
0
0
0
0
0
0
eee
dcc
433
343
111
333
111
0
11
0
0
0
0
0
0
0
0
0
0
0
0
0
0
0
0
0
0
21
12
212
0
10
10
300
0
c68
ffe
fee
b57
311
31
312
101
0
0
0
0
0
0
0
0
0
946
ebc
fff
bbb
10
111
202
100
0
0
0
0
0
0
0
0
0
0
0
0
0
eee
cbb
333
10
10
0
222
111
0
0
0
0
0
0
0
0
0
0
0
0
0
0
0
0
0
0
0
211
0
210
400
622
d9a
fee
fee
724
110
20
132
401
100
10
0
0
0
0
0
0
0
0
0
0
935
ebb
fff
bbb
10
111
201
100
0
0
0
0
0
0
0
0
0
0
0
0
0
edd
ecd
444
333
111
10
101
0
222
111
0
0
0
0
0
0
0
0
0
0
0
0
0
0
0
0
0
0
200
412
b67
fde
fef
b99
0
100
0
211
10
10
200
423
211
0
0
0
0
0
0
0
0
0
935
eab
fff
bbb
10
110
201
100
0
0
0
0
0
0
0
0
0
0
0
0
0
b99
fff
444
100
0
0
0
222
111
0
0
0
0
0
0
0
0
0
0
0
0
0
0
0
0
0
100
500
845
ecc
fff
cbb
210
100
500
21
301
200
200
121
20
10
411
200
0
0
0
0
0
0
111
0
824
eab
fff
bbb
10
110
201
201
0
0
0
0
0
0
0
0
0
0
0
0
111
0
a88
eee
555
200
221
0
233
121
222
212
0
0
100
100
200
200
200
142
143
200
321
232
300
945
dab
fff
ede
977
0
100
222
0
0
222
0
0
0
0
0
0
0
0
0
0
0
0
0
0
0
0
0
501
caa
fff
cbb
500
0
11
101
0
0
0
0
0
0
0
0
0
0
0
0
0
11
0
dcc
fee
655
232
121
10
0
100
200
100
100
0
0
10
10
21
121
120
20
400
a45
ebb
fff
edd
b78
0
200
321
333
0
0
333
0
0
0
0
0
0
0
0
0
0
0
0
0
0
0
0
0
0
300
baa
fff
dbc
723
0
1
1
100
0
0
0
0
0
0
0
0
0
0
0
0
0
100
0
110
989
eee
ecc
967
522
210
21
222
201
300
502
967
b89
b89
ebc
fee
fee
dbb
755
200
10
20
120
111
333
0
0
212
323
0
312
0
0
0
0
0
0
0
0
0
0
0
0
0
0
0
0
1
1
aaa
fee
ecd
a88
11
22
10
100
0
0
0
0
0
0
0
0
0
0
0
0
0
201
0
21
0
613
dab
fde
edd
ecd
ebc
dbb
ebc
fdd
fee
fee
fde
fde
dcc
a88
533
0
10
21
11
100
200
0
0
0
111
0
100
100
200
0
0
0
0
0
0
0
0
0
0
0
0
0
0
0
0
1
1
a89
ecc
ecd
bbb
1
11
10
100
0
0
0
0
0
0
0
0
0
0
0
0
0
212
111
0
443
211
200
522
867
c89
d9a
dab
dab
b9a
977
544
433
332
0
0
110
222
32
0
201
302
111
223
0
0
0
0
0
222
0
0
0
0
0
0
0
0
0
0
0
0
0
0
0
0
0
1
1
967
d89
dbb
bbb
0
0
10
100
0
0
0
0
0
0
0
0
0
0
0
0
0
0
0
0
0
0
0
0
0
0
0
0
0
0
0
0
0
0
0
0
0
0
0
0
0
0
0
0
0
0
0
0
0
0
0
0
0
0
0
0
0
0
0
0
0
0
0
0
0
0
0
11
11
613
813
a99
dcc
945
100
201
101
0
100
100
100
100
0
0
10
0
0
0
0
0
0
0
0
0
0
0
0
0
0
0
0
0
0
0
0
0
0
0
0
0
0
0
0
0
0
0
0
0
0
0
0
0
0
0
0
0
0
0
0
0
0
0
0
0
0
0
0
0
0
0
10
310
411
311
999
fde
b89
100
100
0
0
0
0
0
0
0
0
0
0
0
0
0
0
0
0
0
0
0
0
0
0
0
0
0
0
0
0
0
0
0
0
0
0
0
0
0
0
0
0
0
0
0
0
0
0
0
0
0
0
0
0
0
0
0
0
0
0
0
0
0
0
0
0
0
10
110
100
845
ebb
dcc
811
20
10
0
0
0
0
0
0
0
100
0
0
0
0
0
0
0
0
0
0
0
0
0
0
0
0
0
0
0
0
0
0
0
0
0
0
0
0
0
0
0
0
0
0
0
0
0
0
0
0
0
0
0
0
0
0
0
0
0
0
0
0
0
0
0
0
20
310
300
601
c99
fcd
c57
520
30
0
0
0
0
0
10
0
100
0
0
0
0
0
0
0
0
0
0
0
0
0
0
0
0
0
0
0
0
0
0
0
0
0
0
0
0
0
0
0
0
0
0
0
0
0
0
0
0
0
0
0
0
0
0
0
0
0
0
0
0
0
0
0
10
110
300
210
510
b99
fee
ebb
920
130
201
0
0
0
0
10
0
100
0
0
0
0
0
0
0
0
0
0
0
0
0
0
0
0
0
0
0
0
0
0
0
0
0
0
0
0
0
0
0
0
0
0
0
0
0
0
0
0
0
0
0
0
0
0
0
0
0
0
0
0
0
0
0
111
111
300
410
501
a04
e9a
fdd
e78
911
323
402
100
0
0
0
0
100
0
0
0
0
0
0
0
0
0
0
0
0
0
0
0
0
0
0
0
0
0
0
0
0
0
0
0
0
0
0
0
0
0
0
0
0
0
0
0
0
0
0
0
0
0
0
0
0
0
0
0
0
0
0
0
100
202
202
100
420
a20
e99
fff
ecc
d02
903
400
400
420
30
10
302
3
0
0
0
0
0
0
0
0
0
0
0
0
0
0
0
0
0
0
0
0
0
0
0
0
0
0
0
0
0
0
0
0
0
0
0
0
0
0
0
0
0
0
0
0
0
0
0
0
0
0
0
0
0
0
0
10
111
321
330
320
710
c04
f8b
fff
fcc
d00
b12
833
501
602
502
0
10
0
0
0
0
0
0
0
0
0
0
0
0
0
0
0
0
0
0
0
0
0
0
0
0
0
0
0
0
0
0
0
0
0
0
0
0
0
0
0
0
0
0
0
0
0
0
0
0
0
0
0
0
0
0
0
22
122
300
310
210
610
b21
e88
fee
fee
f88
d01
b11
732
600
600
200
210
200
100
0
0
0
0
0
0
0
0
0
0
0
0
0
0
0
0
0
0
0
0
0
0
0
0
0
0
0
0
0
0
0
0
0
0
0
0
0
0
0
0
0
0
0
0
0
0
0
0
0
0
0
0
0
1
101
200
300
401
601
910
c22
f89
eef
eee
fbc
f26
e00
c00
810
500
703
310
300
0
0
0
0
0
0
0
0
0
0
0
0
0
0
0
0
0
0
0
0
0
0
0
0
0
0
0
0
0
0
0
0
0
0
0
0
0
0
0
0
0
0
0
0
0
0
0
0
0
0
0
0
0
0
210
200
0
302
503
710
b20
e45
fac
fff
fee
eab
f48
e26
b02
a23
a22
200
300
0
0
0
0
0
0
0
0
0
0
0
0
0
0
0
0
0
0
0
0
0
0
0
0
0
0
0
0
0
0
0
0
0
0
0
0
0
0
0
0
0
0
0
0
0
0
0
0
0
0
0
0
0
10
310
300
10
203
424
721
a10
d12
f68
fde
fff
eff
fde
f9b
f06
e14
a00
211
300
0
0
0
0
0
0
0
0
0
0
0
0
0
0
0
0
0
0
0
0
0
0
0
0
0
0
0
0
0
0
0
0
0
0
0
0
0
0
0
0
0
0
0
0
0
0
0
0
0
0
0
0
0
10
10
100
100
100
200
400
700
a00
d03
f57
fcd
fff
eff
eff
fbc
e05
b00
613
501
0
0
0
0
0
0
0
0
0
0
0
0
0
0
0
0
0
0
0
0
0
0
0
0
0
0
0
0
0
0
0
0
0
0
0
0
0
0
0
0
0
0
0
0
0
0
0
0
0
0
0
0
0
0
0
100
101
101
0
100
500
800
a11
e24
f69
fbc
fdd
fdd
f8a
e04
c00
512
400
0
0
0
0
0
0
0
0
0
0
0
0
0
0
0
0
0
0
0
0
0
0
0
0
0
0
0
0
0
0
0
0
0
0
0
0
0
0
0
0
0
0
0
0
0
0
0
0
0
0
0
0
0
0
0
1
1
1
1
101
400
601
721
830
600
b02
d04
a03
810
a11
920
200
100
0
0
0
0
0
0
0
0
0
0
0
0
0
0
0
0
0
0
0
0
0
0
0
0
0
0
0
0
0
0
0
0
0
0
0
0
0
0
0
0
0
0
0
0
0
0
0
0
0
0
0
0
0
0
0
0
1
1
1
200
300
400
500
510
230
630
800
100
220
720
800
703
501
0
0
0
0
0
0
0
0
0
0
0
0
0
0
0
0
0
0
0
0
0
0
0
0
0
0
0
0
0
0
0
0
0
0
0
0
0
0
0
0
0
0
0
0
0
0
0
0
0
0
0
0
0
0
0
0
10
0
0
100
100
100
200
300
10
333
633
410
10
200
601
913
602
0
0
0
0
0
0
0
0
0
0
0
0
0
0
0
0
0
0
0
0
0
0
0
0
0
0
0
0
0
0
0
0
0
0
0
0
0
0
0
0
0
0
0
0
0
0
0
0
0
0
0
0
0
0
0
0
0
0
0
0
0
0
0
0
0
0
0
0
0
0
0
0
0