0
0
0
0
0
0
0
0
0
0
0
0
0
0
1
1
0
0
0
0
0
0
0
0
0
0
0
0
0
0
0
0
0
0
0
0
0
0
0
0
0
0
0
0
400
300
10
100
0
0
0
0
0
0
0
0
0
0
0
0
0
0
0
0
0
0
0
0
0
0
0
212
0
977
fab
957
0
0
0
0
0
0
0
0
0
0
0
0
0
0
0
0
0
0
0
0
0
0
0
0
0
0
0
fff
999
0
111
0
0
0
0
0
0
0
0
0
0
0
0
0
0
0
0
0
0
0
0
0
0
0
0
0
fee
a99
888
0
211
0
0
0
0
0
0
0
0
0
0
0
0
0
0
0
0
0
0
111
0
0
122
0
888
eee
0
baa
bab
0
0
0
0
0
0
0
0
0
0
0
0
0
0
0
0
0
0
0
0
0
0
0
0
999
dbc
666
0
b9a
a99
0
0
0
0
0
0
0
0
0
0
0
0
0
0
0
0
0
0
0
0
111
0
0
edd
dcc
0
1
0
caa
766
0
0
0
0
0
0
0
0
0
0
0
0
0
0
0
0
0
111
0
11
0
988
dcc
655
0
10
0
0
caa
666
0
0
0
0
0
0
0
0
0
0
0
0
0
0
0
0
0
111
0
534
a89
dcc
333
0
0
0
0
0
caa
766
0
0
0
0
0
0
0
0
0
0
0
0
0
0
0
0
0
0
666
ddd
534
110
102
11
0
100
0
0
b89
877
0
0
0
0
0
0
0
0
0
0
0
0
0
0
0
0
0
cbb
dbb
20
0
10
0
0
0
0
0
0
a99
a99
0
0
0
0
0
0
0
0
0
0
0
0
100
0
0
0
a88
fdd
100
0
211
0
555
666
655
654
755
0
c9a
b99
0
555
544
544
433
533
612
744
966
a78
a89
ecc
966
0
0
0
21
0
310
121
0
0
caa
b9a
988
877
877
766
baa
b99
756
877
866
766
644
644
544
200
0
0
0
0
200
0
0
100
0
0
0
100
0
0
0
0
0
0
0
0
645
645
0
0
0
0
0
0
0
0
0
0
0
0
0
0
0
0
0
0
0
0
0
0
0
0
0
0
0
0
0
866
766
0
0
0
0
0
0
0
0
0
0
0
0
0
0
0
0
0
0
0
0
0
0
0
0
0
0
0
0
cbb
cbb
0
0
0
0
0
0
0
0
0
0
0
0
0
0
0
0
0
0
0
0
0
0
0
0
0
0
0
0
ddd
ddd
0
0
0
0
0
0
0
0
0
0
0
0
0
0
0
0
0
0
0
0
0
0
0
0
0
0
0
0
978
a78
0
0
0
0
0
0
0
0
0
0
0
0
0
0
0
0
0
0
0
0
0
0
0
0
0
0
0
0
0
10
0
10
0
0
0
0
0
0
0
0
0
0
0
0