0
0
0
0
0
0
0
0
0
0
0
0
0
0
200
433
544
644
200
0
0
0
0
0
0
0
0
0
0
0
0
0
0
0
111
0
0
1
0
0
755
dcc
ecd
999
444
0
0
0
200
867
baa
dcc
867
0
100
0
0
100
0
0
0
0
0
100
0
101
0
0
200
ede
bbb
100
0
0
0
0
10
0
0
0
0
0
988
dcc
434
0
0
0
0
0
0
0
0
100
223
0
555
888
ccc
210
0
0
0
101
0
0
0
0
0
0
0
10
0
210
baa
977
232
0
0
0
0
0
0
212
0
555
ddd
544
0
1
0
0
0
0
111
222
0
0
0
0
0
10
0
0
0
0
edd
0
0
0
0
0
100
0
0
ddd
444
0
0
0
11
21
0
333
ddd
544
0
0
0
0
0
0
0
0
100
0
655
cbb
0
100
0
11
0
0
ddd
0
0
0
0
0
211
0
433
dcd
0
0
111
0
0
0
0
0
0
0
0
0
0
a99
988
0
0
111
0
fff
0
0
0
0
0
0
121
0
ecc
122
0
21
211
0
0
0
0
0
0
0
0
0
0
322
baa
111
101
0
aaa
777
0
0
0
0
0
0
0
a78
aaa
0
101
100
10
0
0
0
0
0
0
0
0
0
0
0
ebc
333
0
777
cbb
0
0
0
0
0
0
0
0
dab
222
0
0
0
0
0
0
0
0
0
0
0
0
0
0
0
bbb
433
0
999
aaa
0
0
0
0
0
0
0
533
a9a
0
0
0
0
0
0
0
0
0
0
0
0
0
0
0
0
a9a
877
111
bbb
211
0
0
0
0
0
0
0
744
b9a
0
0
0
0
0
0
0
0
0
0
0
0
0
0
0
0
aaa
877
333
edd
0
0
0
0
0
0
0
0
222
baa
111
0
0
0
0
0
0
0
0
0
0
0
0
0
0
0
cbb
533
222
baa
0
0
0
0
0
0
0
0
0
baa
565
0
0
0
0
0
0
0
0
0
0
0
0
0
0
0
ecd
333
0
0
111
0
0
0
0
0
0
0
0
0
dcc
0
0
0
0
0
0
0
0
0
0
0
0
0
0
988
eab
0
0
11
0
0
0
0
0
0
0
0
0
0
300
ccc
200
0
0
0
0
10
100
1
0
3
1
0
500
fdd
978
0
0
0
0
0
0
0
0
0
0
0
0
0
0
433
989
caa
766
0
0
11
1
0
0
300
a00
d89
fdd
c68
0
21
0
0
0
0
0
0
0
0
0
0
0
0
10
101
0
0
b9a
dcc
988
322
0
500
b23
f9a
fff
fde
d00
0
12
220
0
0
0
0
0
0
0
0
0
0
0
0
0
21
222
10
0
0
877
baa
ebc
fcc
fcd
fab
e34
900
1
323
100
121
0
0
0
0
0
0
0
0
0
0
0
0
0
0
0
0
0
0
0
0
0
0
0
0
0
0
0
0
0
0