0
0
0
0
0
0
0
0
0
0
0
0
0
0
0
0
0
0
0
0
0
0
0
0
0
0
0
0
0
0
0
0
0
0
0
0
0
0
0
0
0
0
0
0
0
0
211
100
0
111
11
0
0
10
102
2
2
1
10
10
10
10
101
101
101
101
101
1
10
10
0
0
0
0
0
0
0
0
0
0
0
0
0
0
0
0
0
0
0
0
0
0
0
0
0
0
0
0
0
0
0
0
0
0
0
0
0
0
0
0
0
0
0
0
0
0
0
0
0
100
100
0
0
0
0
0
10
20
20
20
10
200
300
301
401
20
10
0
1
1
1
0
0
0
0
0
0
0
0
0
0
0
0
0
0
0
0
0
0
0
0
0
0
0
0
0
0
0
0
0
0
0
0
0
0
0
0
0
0
0
0
0
0
0
0
0
0
0
0
0
0
0
0
0
0
0
0
400
700
800
900
900
a00
900
900
800
610
630
600
500
300
100
100
100
200
300
0
0
0
0
0
0
0
0
0
0
0
0
0
0
0
0
0
0
0
0
0
0
0
0
0
0
0
0
0
0
0
0
0
10
0
0
0
100
0
0
21
0
0
0
0
0
0
756
988
dbb
fcd
fee
fff
fff
fff
fff
fff
fef
fde
fbc
f9b
f79
e15
e00
e00
d00
b00
900
700
422
300
300
300
0
0
0
0
0
0
0
0
0
0
0
0
0
0
0
0
0
0
0
0
0
0
0
100
101
100
100
200
211
200
100
100
100
20
21
400
200
110
111
43
210
0
0
0
977
dcc
fff
fee
ecc
c89
a78
866
744
734
934
b56
c57
e89
fbc
fef
fff
fff
fff
fde
f9b
e46
d00
d44
c00
810
543
200
401
0
0
0
0
0
0
0
0
0
0
0
0
0
0
0
0
0
200
100
100
100
110
0
0
111
1
0
0
0
0
0
0
0
402
422
21
0
101
200
200
0
300
dbb
fff
fde
b99
500
0
0
0
0
0
0
0
0
100
300
800
900
c00
e03
f79
fee
eff
fff
fff
fbd
f04
d01
c00
a00
611
12
0
0
0
0
0
0
0
0
0
0
0
0
0
0
0
0
0
0
0
0
0
10
10
0
0
0
0
0
0
0
0
0
0
0
0
0
232
20
10
200
cab
fff
dbb
502
0
0
0
222
1
201
201
201
201
201
301
301
301
401
600
810
a20
c00
e01
f59
fcd
fff
fff
fff
f57
e34
d00
a01
511
0
0
0
0
0
0
0
0
0
0
0
0
0
0
0
0
0
11
111
0
0
0
0
0
300
967
b89
caa
dbb
dbb
cab
b89
967
400
0
0
0
0
713
fff
edd
412
0
0
10
10
20
21
100
10
0
0
100
100
0
10
10
22
332
400
600
a11
c02
e01
e02
f9b
fff
fff
fff
f06
d01
b32
800
0
0
0
0
0
0
0
0
0
10
100
11
201
0
33
0
0
0
0
0
866
dbc
fee
fff
fff
edd
ecc
dcc
cbb
dbb
dcc
fde
fff
fff
fff
ddd
a67
b88
fff
a88
0
0
11
0
312
301
200
0
20
200
100
100
0
0
0
100
100
300
200
401
501
600
720
920
c10
e00
f48
fef
fff
fee
f05
c00
722
0
0
0
0
0
0
0
0
0
100
10
300
1
11
311
0
0
522
dbb
fff
fee
b9a
634
0
0
0
0
0
0
0
0
0
0
0
b78
fcd
fff
fff
e8a
0
200
101
1
0
0
0
100
0
10
0
0
0
0
0
0
0
0
0
0
200
301
400
600
800
900
c10
d04
f7a
fff
fff
e78
d10
903
100
100
100
0
0
0
0
0
0
1
100
11
10
300
0
400
dcc
fff
dbb
644
0
0
0
10
121
200
211
110
100
100
211
201
100
0
0
900
efe
fef
fff
fcd
400
0
0
21
0
0
211
0
0
0
0
0
0
0
0
0
0
10
0
0
1
0
200
400
600
810
a00
e00
fbc
fff
ebb
d01
a00
100
100
100
0
0
0
0
0
0
100
222
0
411
0
c89
fff
dbb
0
0
0
100
10
0
201
0
101
0
1
11
11
0
0
11
100
300
fee
dcc
0
d79
fff
fee
512
100
10
20
0
0
0
1
0
0
0
0
0
0
0
0
0
100
200
201
1
0
201
301
400
810
a30
e46
fff
fac
b33
600
100
100
100
0
0
0
0
0
0
322
0
222
0
dab
fff
824
0
10
0
0
11
201
100
0
202
100
0
100
211
211
200
100
211
221
a67
ffe
935
0
0
c79
fff
ecc
522
200
110
0
100
0
1
0
0
0
0
0
0
0
0
10
0
100
100
0
10
0
200
302
400
420
c04
fee
fcc
910
203
100
100
100
100
122
300
20
0
0
100
20
0
cab
fff
400
0
201
0
0
0
100
0
0
0
0
10
10
0
0
0
0
0
0
100
fde
ecc
0
301
0
100
ebb
fff
b78
210
0
100
22
101
0
0
0
0
0
0
0
0
0
10
0
0
0
0
0
0
0
12
200
200
923
fde
fdc
501
323
0
0
0
211
10
301
0
522
877
402
0
b89
fff
802
40
200
2
0
0
0
0
0
0
0
0
0
0
0
0
0
0
0
0
733
fee
b78
0
101
0
210
600
ffe
fde
502
0
22
0
201
0
0
0
0
0
0
0
0
0
0
0
0
0
0
0
0
0
1
100
1
800
eee
ebb
301
100
0
0
0
101
20
0
523
fde
fee
300
502
fff
c9a
0
300
21
101
0
0
0
0
0
0
0
0
0
0
0
0
0
0
0
0
a77
fee
846
10
22
10
110
300
eab
fff
925
300
32
200
100
10
0
0
0
0
0
0
0
0
0
0
0
0
0
0
0
0
1
210
2
800
fff
c99
302
10
0
0
0
100
20
0
713
fff
c89
100
caa
fef
602
10
423
10
101
0
0
0
0
0
0
0
0
0
0
0
0
0
0
0
0
c89
fee
601
0
0
0
11
1
c57
eff
c78
200
10
222
100
10
0
0
0
0
0
0
0
0
0
0
0
0
0
0
0
0
2
100
1
944
fff
966
313
10
0
0
0
200
100
142
c89
fff
824
10
ecc
fcd
400
10
0
202
101
0
0
0
0
0
0
0
0
0
0
0
0
0
0
0
0
daa
fee
801
dbc
ecc
501
210
10
b04
efe
c9a
10
401
20
100
10
0
0
0
0
0
0
0
0
0
0
0
0
0
0
0
0
2
210
2
b88
fff
700
201
10
0
0
0
300
211
20
b89
fff
734
120
edd
ebc
120
100
300
20
1
0
0
0
0
0
0
0
0
0
0
0
0
0
0
0
0
eab
fee
a14
fff
eab
411
132
0
903
fff
c9a
10
222
200
11
101
0
0
0
0
0
0
0
0
0
0
0
0
0
0
0
0
10
300
20
eab
edd
300
0
111
0
0
0
300
0
20
c9a
ffe
724
0
ecc
fdd
410
100
401
21
100
0
0
0
0
0
0
0
0
0
0
0
0
0
0
0
0
dbb
fee
eab
fff
a25
300
0
301
a05
fff
b78
121
20
200
11
1
0
0
0
0
0
0
0
0
0
0
0
0
0
0
0
0
110
0
300
fee
caa
100
22
0
0
0
0
0
200
0
b88
fff
946
10
dab
fff
803
10
302
0
212
0
0
0
0
0
0
0
0
0
0
0
0
0
0
0
0
b99
fff
fef
edd
702
100
31
200
b47
fff
845
221
0
111
100
11
0
0
0
0
0
0
0
0
0
0
0
0
0
0
0
0
200
10
a57
fff
734
200
0
323
0
0
0
10
422
10
744
fef
caa
0
866
fff
d9a
0
0
32
0
0
0
0
0
0
0
0
0
0
0
0
0
0
0
0
0
501
b67
fee
dab
400
121
30
201
d9a
fee
724
0
10
21
200
11
0
0
0
0
0
0
0
0
0
0
0
0
0
0
0
0
0
0
fbc
edd
100
321
10
1
0
0
0
30
200
10
200
dcc
fee
500
20
fde
fde
401
111
21
312
0
0
0
0
0
0
0
0
0
0
0
0
0
0
0
0
0
600
fff
c89
100
300
21
500
fdd
dcc
300
10
11
20
402
11
0
0
0
0
0
0
0
0
0
0
0
0
0
0
0
0
20
935
fff
834
21
0
312
11
0
0
0
111
1
122
100
744
fff
a89
100
0
0
101
301
0
10
0
0
0
0
0
0
0
0
0
0
0
0
0
0
0
0
0
946
eee
d9a
10
31
300
936
fff
877
210
0
0
100
201
100
0
0
0
0
0
0
0
0
0
333
100
211
0
22
0
111
200
fde
dbc
300
211
0
11
0
0
0
0
212
1
12
100
400
daa
fef
300
0
0
201
0
100
0
0
0
0
0
0
0
0
0
0
0
0
0
0
0
0
0
111
200
fef
dbb
0
401
0
dbc
fee
300
0
110
0
201
0
0
0
0
0
0
0
0
0
0
10
0
100
101
0
0
111
0
a78
fff
400
200
0
10
0
100
0
0
0
211
0
0
0
100
400
fdd
fde
0
211
221
100
0
200
0
0
0
0
0
0
0
0
0
0
0
0
0
0
0
0
20
402
fab
fff
800
30
a15
fff
856
300
322
0
0
0
111
0
0
0
0
0
0
0
0
0
0
222
0
211
0
0
200
745
fff
856
200
0
32
10
111
200
0
0
0
100
0
0
122
0
0
855
fee
dcc
0
0
21
211
100
0
0
0
0
0
0
0
0
0
0
0
0
0
0
0
0
11
0
936
fff
cab
500
eee
ecd
100
210
0
0
332
0
101
0
0
0
0
0
0
0
0
0
112
0
100
10
0
100
300
fff
b99
0
222
21
0
0
0
0
0
0
0
200
100
0
10
11
12
200
633
fff
ecd
0
0
21
111
0
0
0
0
0
0
0
0
0
0
0
0
0
0
0
0
100
201
0
d9a
fff
fcc
fff
800
100
0
132
0
111
200
100
0
0
0
0
0
0
0
0
0
11
112
0
0
0
0
fff
dab
0
110
20
0
322
300
100
10
0
0
0
0
0
0
0
0
0
30
0
400
fcd
fff
867
0
100
0
1
0
100
211
211
10
222
10
10
0
110
111
110
110
0
201
211
233
0
cab
fff
c9a
0
0
10
0
201
110
200
100
200
0
110
111
111
0
111
0
10
311
332
10
0
855
fff
b99
0
0
0
0
0
0
0
0
0
0
0
0
0
0
0
0
0
0
200
110
0
0
c9a
fef
dcc
100
0
0
11
11
10
111
322
211
202
100
0
100
100
100
0
0
11
322
0
734
fff
fcd
fff
ecc
400
0
0
100
0
20
21
0
101
0
100
212
100
100
100
100
11
0
0
baa
fff
967
0
200
0
0
0
0
0
0
0
0
0
0
0
0
0
0
0
0
0
1
223
210
0
0
634
edd
fff
cbb
502
0
0
10
0
0
0
0
12
11
11
11
0
1
12
0
0
a67
fff
c89
0
855
fee
fff
dbb
633
0
0
0
212
1
1
223
1
0
12
0
0
0
0
978
fff
edd
400
200
200
20
0
0
0
0
0
0
0
0
0
0
0
0
0
0
0
0
0
20
100
323
201
20
0
0
745
ecd
fff
edd
977
400
0
0
0
0
0
0
0
0
0
0
0
634
ecc
fff
845
0
422
0
0
967
edd
fff
fee
b9a
755
300
0
0
0
0
0
0
200
867
bbb
fff
fde
856
0
300
0
0
22
0
0
0
0
0
0
0
0
0
0
0
0
0
0
0
0
0
300
0
20
21
1
100
0
0
0
533
cab
fef
fff
fdd
caa
856
200
100
0
0
200
623
b99
fdd
fff
cab
500
0
0
21
11
1
0
0
523
b99
fde
fff
fff
fee
fdd
ecd
edd
fee
fee
fff
fee
cab
655
0
0
10
143
10
323
200
0
0
0
0
0
0
0
0
0
0
0
0
0
0
0
0
0
0
0
0
0
0
0
0
0
0
0
0
0
543
a99
edd
fef
fff
fff
fff
fff
fff
fff
dcc
988
0
0
0
0
0
0
0
0
100
0
0
0
0
0
422
766
978
a88
a89
977
744
0
0
0
0
0
0
0
0
0
0
0
0
0
0
0
0
0
0
0
0
0
0
0
0
0
0
0
0
0
0
0
0
0
0
0
0
10
0
0
211
100
0
0
0
0
0
0
0
0
0
0
0
100
0
0
0
0
0
0
0
211
0
0
0
0
0
0
0
0
0
0
0
0
0
10
20
0
0
0
0
0
0
0
0
0
0
0
0
0
0
0
0
0
0
0
0
0
0
0
0
0
0
0
0
0
0
0
0
0
0
0
110
0
0
10
0
0
0
0
0
0
0
0
0
0
0
0
0
0
0
0
100
100
0
0
11
21
10
0
0
0
0
101
101
201
201
201
201
201
0
0
0
0
0
0
0
0
0
0
0
0
0
0
0
0
0
0
0
0
0
0
0
0
0
0
0
0
0
0
0
0
0
111
0
0
0
10
10
10
21
0
0
0
0
0
211
222
211
10
10
0
100
100
0
0
0
111
0
0
0
0
10
121
222
21
20
10
10
10
20
10
10
0
0
0
0
0
0
0
0
0
0
0
0
0
0
0
0
0
0
0
0
0
0
0
0
0
0
0
0
0
0
0
0
0
10
0
11
11
0
0
0
0
0
0
10
111
0
0
0
21
0
0
0
0
0
0
0
10
0
0
111
100
0
0
100
101
200
200
201
200
100
100
100
200
0
0
0
0
0
0
0
0
0
0
0
0
0
0
0
0
0
0
0
0
0
0
0
0
0
1
111
1
0
111
1
101
0
100
100
200
100
100
100
100
201
10
0
0
201
200
100
101
212
0
0
0
0
0
0
0
0
0
0
0
0
0
0
0
0
0
0
0
0
0
0
0
0
0
0
0
0
0
0
0
0
0
0
0
0
0
0
0
0
0
0
0