0
100
0
300
834
0
10
0
0
0
0
0
0
0
0
0
0
0
0
0
0
0
0
0
0
0
0
0
0
0
0
0
0
0
0
0
0
201
20
0
800
fff
703
0
100
0
0
0
0
0
0
0
0
0
0
0
0
0
0
0
0
0
0
0
0
0
0
0
0
0
0
0
0
0
11
0
202
0
eee
0
201
100
0
0
0
0
0
0
0
0
0
0
0
0
0
0
0
0
0
0
0
0
0
0
0
0
0
0
0
0
0
100
10
202
0
fde
0
100
0
0
0
0
0
0
0
0
0
0
0
0
0
0
0
0
0
0
0
100
200
200
100
0
0
0
0
0
0
0
0
0
0
100
ede
0
0
0
0
0
0
0
0
0
0
0
0
0
0
0
0
0
0
100
100
0
0
0
0
0
412
a78
ccc
fef
300
0
0
0
101
0
200
edd
0
10
0
0
0
0
0
0
0
0
0
0
0
0
0
0
0
0
0
0
401
a46
e8a
d9b
b99
766
343
444
322
0
0
0
0
0
0
522
dcc
0
10
0
0
0
0
0
0
0
0
0
0
10
0
0
0
602
967
855
b46
c8a
a88
444
100
0
0
100
0
0
0
0
0
0
0
0
755
cbb
0
0
0
0
0
0
0
0
0
0
0
12
0
0
935
d79
d9a
967
433
0
10
0
0
0
0
0
0
0
0
0
0
0
101
10
0
977
baa
0
1
0
0
0
0
0
0
0
0
0
400
c68
a88
734
554
10
0
10
11
1
111
0
0
0
0
0
0
0
0
0
0
100
20
0
a88
a99
0
1
0
0
0
100
0
0
0
634
845
d89
988
0
0
0
0
10
201
100
101
1
0
0
0
0
0
0
0
0
0
0
100
0
0
caa
877
0
0
0
221
200
220
0
300
c79
dab
554
0
0
0
0
0
0
0
0
0
0
0
0
0
0
0
0
0
0
0
0
0
0
10
0
dbb
544
0
100
10
200
10
0
c79
b89
766
200
0
11
0
0
0
0
0
0
0
0
0
0
0
0
0
0
0
0
0
0
0
0
0
11
0
ecc
412
0
100
0
0
533
c89
b9a
0
0
10
200
100
10
0
0
0
0
0
0
0
0
0
0
0
0
0
0
0
0
0
0
0
10
0
0
fdd
0
0
1
0
a57
ecd
221
0
0
0
0
0
0
0
0
0
0
0
0
0
0
0
0
0
0
0
0
0
0
0
0
0
0
0
111
0
fdd
0
0
100
cbb
b99
221
0
100
0
0
0
0
0
0
0
0
0
0
0
0
0
0
0
0
0
0
0
0
0
0
0
0
0
111
10
0
fde
0
0
cbb
baa
0
1
121
100
0
0
0
0
0
0
0
0
0
0
0
0
0
0
0
0
0
0
0
0
0
0
0
0
0
0
0
0
edd
401
977
977
0
0
0
0
0
0
0
0
0
0
0
0
0
0
0
0
0
0
0
0
0
0
0
0
0
0
0
0
0
0
0
1
0
a99
edd
fde
100
0
0
0
0
0
0
0
0
0
0
0
0
0
0
0
0
0
0
0
0
0
0
0
0
0
0
0
0
0
0
110
0
0
200
daa
734
0
101
0
0
0
0
0
0
0
0
0
0
0
0
0
0
0
0
0
0
0
0
0
0
0
0
0
0
0
0
0
0
0
0
0
0
0
0
0
0
0
0
0
0
0
0
0
0
0
0
0
0
0
0
100
100
100
100
102
102
111
0
100
100
1
0
0
0