0
0
0
0
0
0
0
0
0
0
0
0
0
0
0
0
0
0
0
0
0
0
0
0
0
0
0
0
0
0
0
0
0
0
0
0
0
0
0
0
0
0
0
0
0
0
0
0
0
0
0
0
0
0
0
0
0
0
0
0
0
0
0
0
0
0
0
0
0
0
0
0
0
0
0
0
0
0
0
10
0
0
0
0
0
0
0
11
0
0
11
0
0
0
201
100
0
0
0
0
0
0
0
0
0
0
0
0
0
0
0
0
100
0
0
0
0
0
0
0
100
0
0
0
0
0
0
0
100
0
0
0
0
0
0
1
0
0
0
0
0
0
0
0
0
0
0
0
0
0
0
0
10
0
111
111
100
0
1
2
12
11
201
112
101
112
11
222
111
0
0
0
0
0
0
0
0
0
0
0
0
0
0
0
0
0
0
0
0
10
0
100
101
111
0
100
200
200
200
101
102
200
0
10
0
100
101
11
22
0
0
0
100
0
0
0
111
0
0
0
0
0
0
0
0
0
221
110
0
0
112
11
11
402
302
100
0
31
20
0
0
0
100
533
867
a99
baa
bab
bab
cbb
dbb
dbb
dbb
dbb
cab
caa
baa
a99
877
644
200
0
0
0
0
20
31
111
201
11
20
21
0
101
213
12
2
1
201
300
300
300
0
10
0
0
0
0
0
100
0
0
0
0
0
0
0
0
212
0
0
0
132
11
0
0
0
0
10
0
0
0
734
c99
ecd
ecd
dbb
c9a
a78
956
834
713
622
521
422
411
522
744
977
a88
c9a
eab
ecc
fde
fde
ecd
b9a
755
400
200
0
0
0
0
0
210
430
300
200
0
1
1
0
10
20
0
0
10
10
0
0
0
100
0
0
0
0
0
0
0
0
0
0
122
132
0
0
222
201
20
0
300
946
d9a
fdd
dcc
887
332
0
0
0
0
0
0
0
0
0
0
0
0
0
0
0
0
0
0
0
401
956
d9a
fcd
fee
fed
ebb
d78
c25
b02
a00
700
510
330
420
510
511
312
1
21
21
0
0
0
0
0
0
0
100
0
0
0
0
0
0
0
0
0
0
11
0
11
210
200
0
634
b89
dbc
dbc
977
322
0
0
110
100
0
0
0
0
0
0
101
101
101
1
1
0
101
101
111
20
20
20
10
0
0
0
602
c56
ebb
fee
ffe
fed
fcc
f89
e46
d00
c00
a00
800
710
500
501
602
100
200
0
0
0
0
0
0
0
0
0
0
0
0
0
0
1
102
0
0
333
101
0
b9a
ebc
b9a
544
110
0
10
12
323
212
1
101
101
101
101
101
101
100
110
100
110
10
0
10
10
110
101
0
0
0
10
10
21
11
0
500
a01
d45
faa
fdd
fff
fef
fcd
f79
e02
d00
b00
900
711
612
303
402
0
0
0
0
0
0
0
0
0
0
0
0
0
0
1
33
0
433
111
200
eee
bcb
444
0
0
10
0
0
111
0
0
0
0
0
0
0
0
0
0
0
0
0
0
0
0
0
0
0
0
0
0
0
0
0
10
21
0
300
700
900
c12
e46
f99
fef
fff
eee
f9a
f01
d00
910
a20
630
300
421
402
201
0
10
110
0
0
0
0
0
0
0
0
1
0
10
0
400
eee
866
200
0
0
0
0
0
0
0
0
0
0
0
0
0
0
0
0
0
0
0
0
0
0
0
0
0
0
0
0
0
0
0
0
0
0
100
201
401
600
900
b00
d00
e23
f89
fee
fff
fee
f69
e00
b11
b34
811
644
0
1
403
200
30
0
0
0
0
0
0
0
0
0
513
100
200
eee
966
201
300
100
0
0
0
0
0
0
0
0
0
0
0
0
0
0
0
0
0
0
0
0
0
0
0
0
0
0
0
0
0
0
0
100
201
100
100
0
100
300
500
700
a10
e00
f12
f78
eff
fff
fee
f07
e22
876
600
410
0
33
300
21
0
0
0
0
0
0
0
0
21
0
0
ecd
caa
433
42
310
100
0
0
0
0
0
0
0
0
0
0
0
0
0
0
0
0
0
0
0
0
0
0
0
0
0
0
0
0
0
0
0
0
100
100
1
1
11
10
200
400
610
730
a10
d00
f33
fab
fff
fee
e67
c00
733
500
511
0
21
301
0
0
0
0
0
0
0
0
42
10
a67
ede
555
30
232
211
0
0
0
0
0
0
0
0
0
0
0
0
0
0
0
0
0
0
0
0
0
0
0
0
0
0
0
0
0
0
0
0
0
0
0
1
1
1
1
200
300
201
514
714
700
a00
d12
f67
fdd
fee
f47
a02
200
300
400
22
0
0
0
0
0
0
0
0
0
0
0
eee
b89
322
0
0
0
0
0
0
0
0
0
0
0
0
0
0
0
0
0
0
0
0
0
0
0
0
0
0
0
0
0
0
0
0
0
0
0
0
10
0
200
100
0
0
0
200
220
301
103
403
702
510
800
e44
fcd
fee
d00
601
400
40
0
303
0
0
0
0
0
0
0
0
100
925
eee
555
500
ede
eee
888
222
0
0
0
0
0
0
0
0
0
0
0
0
0
0
0
0
0
0
0
0
0
0
0
0
0
0
0
0
0
0
0
0
0
200
200
100
0
10
20
12
4
20
120
30
30
102
403
200
944
fde
eee
900
0
30
0
301
0
0
0
233
0
0
844
fee
b88
b46
fde
545
22
312
867
ecc
fee
daa
755
232
20
0
0
201
110
0
100
300
300
310
210
10
0
0
0
10
20
21
11
1
1
0
0
0
0
0
0
0
0
0
0
0
0
0
0
0
0
0
0
0
0
0
0
0
0
110
744
fef
e79
100
500
21
2
0
0
22
0
0
977
fff
844
100
d9a
ecc
444
0
0
0
0
600
b89
ebc
eab
b89
978
565
122
0
0
11
21
11
1
0
112
111
0
100
200
100
100
100
100
100
0
0
0
0
0
0
0
0
0
0
0
0
0
0
0
0
0
0
0
0
0
0
0
100
301
412
e7a
eee
500
0
223
1
0
0
43
0
500
fff
744
100
0
b89
fdd
544
12
111
10
232
111
0
0
724
a78
c9a
dab
eab
c9a
866
322
0
0
201
301
401
201
1
101
1
1
0
100
200
200
0
0
0
0
0
0
0
0
0
0
0
0
0
0
0
0
0
0
0
0
0
0
0
0
300
120
744
fee
903
0
112
102
0
0
20
0
fde
fde
322
43
10
caa
ecc
444
312
100
10
20
201
0
10
0
0
100
612
823
b78
daa
fbc
eab
967
322
0
0
10
10
0
0
100
11
10
10
10
0
0
0
0
0
0
0
0
0
0
0
0
0
0
0
0
0
0
0
0
0
0
0
0
100
422
444
fde
caa
0
0
202
0
0
20
0
fff
734
100
10
0
b89
fee
555
100
301
132
10
301
200
0
11
20
20
20
10
0
0
300
824
d89
fbc
ebc
aa9
654
300
100
0
10
20
11
201
200
0
0
0
0
0
0
0
0
0
0
0
0
0
0
0
0
0
0
0
0
0
0
0
0
122
0
323
dab
ede
0
200
12
0
0
0
300
fff
222
544
101
0
600
eee
555
100
0
0
323
121
10
0
0
100
0
0
0
0
11
22
11
0
0
734
c58
eab
ebb
daa
a88
755
423
201
0
0
0
0
0
0
0
0
0
0
0
0
0
0
0
0
0
0
0
0
0
0
0
0
0
100
302
30
333
dbb
edd
0
30
302
0
0
0
755
fff
222
0
100
31
200
0
0
0
112
1
100
0
0
100
100
100
100
101
0
2
2
0
1
101
0
0
0
0
400
945
c78
d8a
d9a
c99
a88
866
433
100
0
0
0
0
0
101
101
0
0
1
1
0
100
100
0
100
100
100
100
0
10
110
311
43
323
dab
edd
0
40
301
0
0
0
0
fff
622
100
10
0
21
10
111
0
0
0
100
0
0
0
0
0
0
0
0
0
0
0
0
0
0
0
0
11
11
0
0
100
633
a56
b67
d79
e8a
d9a
b99
766
131
0
0
0
0
0
11
1
1
1
111
121
20
0
100
100
200
100
100
100
302
10
433
edd
daa
0
132
0
0
0
333
0
fff
a78
211
1
0
0
121
0
0
0
0
0
0
0
0
0
0
0
0
0
0
0
0
0
0
0
0
0
0
10
22
21
10
0
0
0
221
332
734
b46
e79
f9b
eab
b89
765
10
0
0
0
100
0
10
20
0
0
11
10
0
0
0
0
22
100
444
eee
500
0
20
212
0
0
0
0
a99
fff
333
212
0
0
0
0
0
111
222
0
0
0
0
0
0
0
0
0
0
0
0
0
0
0
0
0
200
200
200
100
0
112
122
22
211
200
0
0
0
200
623
b57
e8a
f9c
e9a
b88
644
10
0
0
0
0
0
0
10
21
11
0
111
43
323
dab
edd
0
20
0
202
0
0
0
100
0
fff
877
111
111
0
111
111
0
0
0
0
0
0
0
0
0
0
0
0
0
0
0
0
0
0
0
0
212
212
100
0
0
0
0
0
201
202
102
12
22
10
0
0
0
100
633
b78
d9a
e9b
d9a
a67
845
544
412
0
0
0
0
200
210
0
544
eee
400
0
20
21
0
0
0
212
0
0
301
fee
633
100
0
0
222
0
0
0
11
0
0
0
0
0
0
0
0
0
0
0
0
0
0
0
0
10
10
20
20
10
10
10
10
11
12
123
111
0
101
312
302
211
120
10
0
0
301
745
b78
c89
d89
c89
b78
977
655
120
0
0
555
eee
a77
0
232
0
200
22
0
0
0
0
111
0
977
fff
444
0
0
0
0
0
0
0
0
0
0
0
0
0
0
0
0
0
0
0
0
0
0
0
200
200
200
100
100
100
0
0
0
0
100
100
100
100
10
10
111
202
1
1
101
0
0
0
100
411
745
967
b67
d89
d9a
b78
967
fee
a88
0
0
20
301
402
21
0
0
0
0
0
0
0
666
eee
544
0
311
100
0
132
10
0
211
222
0
0
11
222
111
0
0
0
0
0
0
0
0
0
0
0
0
0
0
0
0
0
0
0
111
111
0
0
0
0
0
11
11
0
0
100
301
201
12
0
0
0
20
301
a67
fee
e99
eab
eab
b88
400
0
0
0
0
0
0
0
222
0
0
0
100
eee
dcc
444
200
211
0
0
100
0
0
11
0
0
0
0
0
0
0
0
0
0
0
0
0
0
0
0
0
0
0
0
111
111
0
0
0
0
111
222
322
212
0
11
132
233
11
0
0
111
233
10
0
544
dbc
ede
0
0
100
543
baa
ecc
fdd
ebc
b68
0
0
0
0
222
0
0
0
0
0
dcc
fff
988
222
0
200
100
0
0
0
10
10
10
222
111
0
0
0
0
0
0
0
0
0
0
0
0
0
0
0
0
0
0
0
0
0
0
0
100
100
100
0
0
0
10
10
0
0
201
644
b9a
ecd
b99
0
0
120
0
0
0
0
311
978
977
0
0
0
0
0
111
0
1
121
111
0
666
ddd
ddd
baa
533
100
0
101
110
0
111
0
0
0
0
0
0
0
0
0
0
0
0
0
0
0
0
0
0
0
0
0
0
0
0
0
111
111
10
0
110
121
0
0
0
333
887
caa
caa
a89
322
0
0
200
201
211
200
201
0
0
10
0
0
0
111
0
0
0
0
0
0
10
211
0
0
766
baa
edd
ddc
776
211
0
0
0
0
221
110
0
0
0
0
0
0
0
0
0
0
0
0
0
0
0
0
0
0
0
0
0
0
101
0
20
21
0
0
333
877
baa
cbb
b88
766
321
0
0
210
0
201
11
23
0
0
222
0
0
200
0
0
0
111
0
0
0
0
0
332
0
0
100
0
0
0
887
ddd
fff
ccc
555
0
0
0
0
0
0
0
0
0
0
0
0
0
0
0
0
0
0
0
0
0
0
111
111
0
0
0
0
0
221
877
ccc
ddd
baa
766
311
501
0
10
32
0
211
545
0
200
201
100
0
10
0
20
20
0
0
0
0
0
0
111
0
110
0
0
110
0
0
0
0
0
0
0
a99
ede
fee
ccc
998
444
111
0
0
0
0
0
0
0
0
0
0
0
0
0
0
0
0
0
0
0
0
333
777
aaa
dcc
ecd
caa
655
0
0
0
10
20
101
402
100
22
32
0
100
211
0
0
221
0
0
211
0
0
0
0
0
0
0
0
0
0
0
0
0
0
0
0
0
0
10
0
0
0
100
877
bbb
dcc
dcc
cbb
baa
a89
877
766
766
655
555
544
544
544
544
555
655
766
866
977
a99
cbb
cbc
cbb
baa
878
22
0
0
0
0
0
0
0
0
0
0
0
0
0
0
0
0
0
0
0
0
0
0
0
0
0
0
0
0
0
0
0
0
0
0
0
0
0
0
0
0
0
0
100
100
0
0
0
0
322
666
988
a99
aaa
baa
baa
bba
baa
baa
baa
baa
baa
baa
baa
aaa
a99
a99
888
666
332
0
0
0
0
0
0
0
111
0
0
0
0
0
0
0
0
0
0
0
0
0
0
0
0
0
0
0
0
0
0
0
0
0
0
0
0
0
0
0
0
0
0
0
0
0
0
0
0
0
0
0
0
0
0
0
0
0
0
200
311
422
433
433
433
433
312
300
100
0
0
0
0
0
0
0
110
0
0
0
0
0
0
0
111
0
0
0
0
0
0
0
0
0
0
0
0
0
0
0
0
0
0
0
0
0
0
0
0
0
0
0
0
0
0
0
0
0
0
111
122
11
0
0
10
10
10
0
0
0
0
0
0
10
0
0
0
0
0
0
0
0
0
0
0
0
10
10
0
111
111
0
0
0
0
0
0
111
0
0
0
0
0
0
0
0
0
0
0
0
0
0
0
0
0
0