0
0
0
0
0
0
0
0
0
0
0
0
0
0
0
0
0
0
0
0
0
0
0
0
0
0
0
0
0
0
0
0
0
0
0
0
0
2
0
0
0
0
0
0
0
0
0
0
0
0
0
0
110
100
100
0
100
110
100
0
0
0
10
10
0
100
0
0
0
0
0
0
0
0
100
d89
ebb
daa
caa
cbb
cbb
baa
a99
988
767
766
544
332
512
0
322
0
0
0
0
0
0
0
0
0
0
0
0
0
0
0
0
0
0
0
0
0
fbc
a88
865
766
766
666
666
866
a89
baa
baa
cbb
fff
fdd
866
0
200
977
a88
a89
a88
977
634
755
a88
977
100
0
0
0
0
0
0
0
0
0
0
ebb
544
0
0
0
0
0
0
0
0
0
ddd
978
0
0
100
0
0
0
0
0
0
0
222
333
988
dbb
866
0
10
200
20
0
0
0
0
0
caa
777
0
101
0
0
0
0
0
533
edd
433
0
0
11
100
0
0
0
0
0
0
0
0
0
0
0
433
dcc
755
0
112
0
0
0
0
0
caa
877
0
0
0
0
0
0
0
dbc
655
0
0
0
0
0
0
0
0
0
0
0
0
0
0
100
211
0
0
cbb
866
0
0
0
0
0
0
baa
877
0
0
0
10
0
0
b99
988
0
101
0
0
0
0
0
0
0
0
0
0
0
0
0
0
0
0
0
0
dbc
544
0
0
0
0
0
aaa
877
0
0
10
0
0
0
ecc
0
0
101
0
0
0
0
0
0
0
0
0
0
0
0
0
0
0
0
100
0
422
dcc
0
10
0
100
0
baa
877
0
101
0
211
11
0
b9a
0
101
111
0
0
0
0
0
0
0
0
0
0
0
0
0
0
0
0
0
100
0
ecd
0
0
0
100
0
a9a
877
0
0
0
10
101
0
977
0
112
110
0
0
0
0
0
0
0
0
0
0
0
0
0
0
0
0
111
110
0
ecc
400
0
11
100
0
a99
988
0
0
0
10
200
0
988
0
11
100
0
0
0
0
0
0
0
0
0
0
0
0
0
0
0
0
100
100
0
fde
300
0
1
100
0
988
a9a
0
0
0
0
201
0
dcc
0
0
0
0
0
0
0
0
0
0
0
0
0
0
0
0
0
0
0
211
0
703
fee
0
10
1
100
0
766
cbb
0
0
0
0
0
0
977
baa
0
101
0
0
0
0
0
0
0
0
0
0
0
0
0
0
100
0
21
600
ebc
eaa
0
0
1
1
0
301
ecd
0
11
100
0
0
0
0
c9a
a89
10
0
0
0
101
0
0
0
0
0
0
0
0
0
101
101
1
600
d67
fff
c02
0
0
0
1
0
0
fde
634
10
100
0
0
0
101
0
533
ecc
766
0
0
0
0
0
0
0
0
0
0
0
0
0
0
700
eab
fff
d03
110
0
0
100
0
0
0
311
300
21
0
0
0
0
0
0
0
100
988
877
baa
555
0
0
0
0
0
0
0
0
0
0
966
fcc
ebb
a34
300
110
0
0
0
0
0
0
0
0
0
0
0
0
0
0
0
0
0
0
0
433
b9a
dbc
cab
a99
867
866
866
978
b9a
dbb
fdd
ebc
802
200
0
200
110
0
0
0
0
0
0
0
0
0
0
0
0
0
0
0
0
0
200
10
10
0
0
0
0
0
0
0
0
0
0
0
0
10
100
0
100
10
0
0
0
0
0
0
0
0
0
0
0
0
0
0
0
0
0
0
100
200
1
100
100
0
1
0
1
0
0
0
0
1
101
0
0
0
200
0
0
0
0